% 读取数据
% 时间段18:00-8:00，步长15min
% 风电预测值 MW
P_w_max = [
7.535 
17.003 
14.877 
12.076 
10.820 
10.916 
12.366 
14.491 
17.969 
22.026 
25.504 
29.368 
33.329 
37.386 
40.091 
43.183 
47.047 
50.428 
53.616 
57.770 
65.402 
77.768 
94.287 
115.637 
134.475 
146.937 
153.700 
157.371 
159.206 
158.723 
156.598 
154.279 
151.574 
178.334 
172.345 
164.230 
168.198 
172.345 
169.230 
182.198 
177.561 
182.198 
185.000 
184.807 
182.681 
178.334 
172.345 
164.230 
135.441 
141.334 
145.773 
137.992 
133.896 
135.441 
133.992 
133.896 
];
    
%普通负荷   MW
P_ld =  [      
385
385
380
375
370
368
368
370
368
366
368
370
375
375
384
384
380
375
375
350
345
335
325
310
300
295
285
280
275
270
265
260
255
250
245
245
240
238
235
232
230
230
228
225
225
222
222
216
215
215
216
222
225
230
235
236
];